      1.414214      0.000000
      1.396536      0.000000
      1.361181      0.000000
      1.325825      0.000000
      1.290470      0.000001
      1.255115      0.000009
      1.219759      0.000069
      1.184404      0.000418
      1.149049      0.002114
      1.113693      0.009108
      1.078338      0.033977
      1.042983      0.111072
      1.007627      0.321329
      0.972272      0.829450
      0.936916      1.923865
      0.901561      4.034523
      0.866206      7.692997
      0.830850     13.409363
      0.795495     21.479525
      0.760140     31.791400
      0.724784     43.731466
      0.689429     56.268534
      0.654074     68.208600
      0.618718     78.520475
      0.583363     86.590637
      0.548008     92.307003
      0.512652     95.965477
      0.477297     98.076135
      0.441942     99.170550
      0.406586     99.678671
      0.371231     99.888928
      0.335876     99.966023
      0.300520     99.990892
      0.265165     99.997886
      0.229810     99.999582
      0.194454     99.999931
      0.159099     99.999991
      0.123744     99.999999
      0.088388    100.000000
      0.053033    100.000000
      0.017678    100.000000
      0.000000    100.000000
