      1.414214      0.000000
      1.396536      0.000000
      1.361181     -0.000000
      1.325825      0.000001
      1.290470     -0.000002
      1.255115      0.000002
      1.219759      0.000000
      1.184404     -0.000014
      1.149049      0.000048
      1.113693     -0.000114
      1.078338      0.000187
      1.042983     -0.000102
      1.007627     -0.000669
      0.972272      0.003264
      0.936916     -0.008440
      0.901561      0.008491
      0.866206      0.046505
      0.830850     -0.312463
      0.795495      0.487398
      0.760140      9.658542
      0.724784     33.832580
      0.689429     66.167420
      0.654074     90.341458
      0.618718     99.512602
      0.583363    100.312463
      0.548008     99.953495
      0.512652     99.991509
      0.477297    100.008440
      0.441942     99.996736
      0.406586    100.000669
      0.371231    100.000102
      0.335876     99.999813
      0.300520    100.000114
      0.265165     99.999952
      0.229810    100.000014
      0.194454    100.000000
      0.159099     99.999998
      0.123744    100.000002
      0.088388     99.999999
      0.053033    100.000000
      0.017678    100.000000
      0.000000    100.000000
