      1.414214      0.000000
      1.378858     -0.000013
      1.308148      0.000907
      1.237437     -0.004030
      1.166726      0.011849
      1.096016     -0.025437
      1.025305      0.028104
      0.954594      0.094491
      0.883883     -0.904231
      0.813173      4.059308
      0.742462     29.987660
      0.671751     70.012340
      0.601041     95.940692
      0.530330    100.904231
      0.459619     99.905509
      0.388909     99.971896
      0.318198    100.025437
      0.247487     99.988151
      0.176777    100.004030
      0.106066     99.999093
      0.035355    100.000013
      0.000000    100.000000
