      1.414214      0.000000
      1.378858      0.000095
      1.308148      0.002003
      1.237437      0.020123
      1.166726      0.128841
      1.096016      0.590897
      1.025305      2.069473
      0.954594      5.765915
      0.883883     13.158798
      0.813173     25.172234
      0.742462     41.190147
      0.671751     58.809853
      0.601041     74.827766
      0.530330     86.841202
      0.459619     94.234085
      0.388909     97.930527
      0.318198     99.409103
      0.247487     99.871159
      0.176777     99.979877
      0.106066     99.997997
      0.035355     99.999905
      0.000000    100.000000
