      1.414214      0.000000
      1.378858     -0.000000
      1.308148      0.000000
      1.237437     -0.000000
      1.166726      0.000000
      1.096016     -0.000000
      1.025305      0.000000
      0.954594     -0.000000
      0.883883      0.000000
      0.813173     -0.000000
      0.742462      0.000000
      0.671751    100.000000
      0.601041    100.000000
      0.530330    100.000000
      0.459619    100.000000
      0.388909    100.000000
      0.318198    100.000000
      0.247487    100.000000
      0.176777    100.000000
      0.106066    100.000000
      0.035355    100.000000
      0.000000    100.000000
