           0   17.365024408135813     
           1   3.9264434624501581     
           2   1.6573640540962564     
           3  0.58561459182864639     
           4  0.50952542809221557     
           5  0.36427462248937498     
           6  0.29136657283738387     
           7  0.22801949168713595     
           8  0.18125036614581527     
           9  0.14463553397626819     
          10  0.11644201015284271     
          11   9.4664072308361102E-002
          12   7.7920366858154330E-002
          13   6.5074352547880451E-002
          14   5.5218291587373375E-002
          15   4.7610574388547447E-002
          16   4.1652918845395598E-002
          17   3.6874182531820031E-002
          18   3.2915986595080729E-002
          19   2.9260424076328062E-002
          20   2.5273320852226815E-002
          21   2.1476298296511303E-002
          22   1.7655882071853743E-002
          23   1.4729180595814543E-002
          24   1.2758011567523531E-002
          25   1.1264556947403871E-002
          26   9.9380762851665194E-003
          27   8.7577382939010885E-003
          28   7.7525291826344737E-003
          29   6.9243004814214543E-003
          30   6.2129644363403368E-003
          31   5.5672851126490732E-003
          32   4.9593754345216854E-003
          33   4.3660993054886674E-003
          34   3.7847167431604087E-003
          35   3.2315085959264277E-003
          36   2.7401657696422771E-003
          37   2.3653162939069432E-003
          38   2.1522698186249569E-003
          39   1.8841696693109272E-003
          40   1.4277557161596877E-003
          41   1.4699259548290678E-003
          42   8.5894044577532647E-004
          43   8.4902589807454301E-004
          44   6.4568567701893918E-004
          45   4.0015925527372260E-004
          46   2.0342426510047267E-004
          47   1.2476529509696844E-004
          48   5.2961214710427067E-005
          49   4.8791268329136479E-005
          50   2.9783867037091845E-005
          51   2.6936046939788171E-005
          52   1.9486692328722281E-005
          53   1.4614706699692731E-005
          54   1.0974638104187833E-005
          55   8.8425635029318495E-006
          56   8.0174456893364903E-006
          57   7.3495148080471408E-006
          58   6.0652373897420279E-006
          59   4.3189909282962868E-006
          60   3.2212681121119701E-006
          61   2.7785331225114904E-006
          62   2.6216293933687357E-006
          63   2.3477800976966138E-006
          64   1.5429981569370276E-006
          65   1.4008284699157026E-006
          66   1.1412106108111231E-006
          67   1.0065992420856577E-006
          68   7.9118265644521822E-007
          69   6.9781750046707659E-007
          70   6.2292882228619046E-007
          71   5.5636238007703668E-007
          72   4.7483060004997460E-007
          73   4.1101935574755647E-007
          74   3.6238717055187019E-007
          75   3.2405332626844215E-007
          76   2.8618279441712689E-007
          77   2.4634981616401258E-007
          78   2.1978772385879160E-007
          79   2.1252161632061130E-007
          80   1.6345540143909209E-007
          81   1.2464166355409069E-007
          82   1.1184725049032050E-007
          83   9.3168280681672675E-008
          84   7.2079685443033823E-008
          85   6.8044809094734276E-008
          86   4.3597618366086411E-008
          87   3.5888484333086236E-008
          88   3.5611910675900468E-008
          89   2.3927208899880395E-008
          90   1.9711385488606506E-008
          91   9.3101293720569127E-009
          92   6.0433318626996682E-009
          93   3.7095666597350206E-009
          94   2.0497575478214009E-009
          95   1.7528749226819199E-009
          96   1.2208380389817304E-009
          97   1.0834654535613471E-009
          98   1.0609656840432194E-009
          99   7.1561718847946507E-010
         100   5.1526613189629289E-010
         101   5.2173905323872561E-010
         102   3.5864106065135570E-010
         103   2.4599240608773093E-010
         104   2.2604168593144335E-010
         105   2.0386908122459266E-010
         106   1.5389634518680141E-010
         107   1.3814383202942934E-010
         108   1.2909355498137381E-010
         109   9.0404204278175052E-011
         110   7.9860341069122074E-011
         111   7.0231755976034592E-011
         112   5.6087970776658690E-011
         113   4.7248515028267767E-011
         114   4.1925195696604630E-011
         115   3.6289028435919555E-011
         116   3.3468486139866639E-011
         117   3.0510790588659319E-011
         118   2.3328102727781994E-011
         119   1.6932954065008033E-011
         120   1.5843448419924865E-011
         121   1.2245554703182215E-011
         122   1.1891286368287873E-011
         123   8.6986803463375484E-012
         124   8.3293514684256863E-012
         125   5.6949507995749408E-012
         126   5.3631745863524249E-012
         127   4.3937136688265657E-012
         128   3.3047469987342084E-012
         129   3.1330707944404050E-012
         130   2.5236630886174095E-012
         131   1.8611304136078683E-012
         132   1.4934559385934987E-012
         133   1.3513834269607632E-012
         134   1.0667425447580351E-012
         135   9.9977610057942788E-013
         136   4.2098566869482551E-013
         137   4.0341156631185272E-013
         138   2.0128513192914311E-013
         139   1.1485054427020040E-013
         140   1.0470493710424712E-013
         141   6.5495515439742085E-014
         142   5.2090010944694975E-014
         143   3.8343739981049875E-014
         144   3.8888692690054349E-014
         145   2.2322365625065424E-014
         146   2.0599582824630656E-014
         147   1.8761871545505913E-014
         148   1.4638869820809633E-014
         149   1.3216915539680325E-014
         150   1.2704820117057068E-014
         151   1.0258652452402067E-014
         152   8.7670493031898219E-015
