    0.000000E+00    0.000000E+00    0.000000E+00    0.000000E+00    0.000000E+00    0.000000E+00    0.000000E+00    0.000000E+00    0.000000E+00    0.000000E+00    0.000000E+00    0.000000E+00    0.000000E+00    0.000000E+00    0.000000E+00    0.000000E+00    0.000000E+00    0.000000E+00    0.000000E+00    0.000000E+00    0.000000E+00    0.000000E+00
    0.000000E+00    7.589415E-18    5.421011E-18    5.204170E-18    1.647987E-17    1.387779E-17    4.336809E-18    1.040834E-17    3.469447E-18    1.734723E-18    2.949030E-17    6.938894E-18    1.387779E-17    3.469447E-17    3.469447E-18    1.075529E-16    1.040834E-17    7.979728E-17    4.510281E-17    6.938894E-17    2.428613E-17    0.000000E+00
    0.000000E+00    9.324139E-18    6.071532E-18    3.469447E-18    2.081668E-17    2.775558E-17    4.510281E-17    4.163336E-17    2.428613E-17    2.775558E-17    4.163336E-17    3.469447E-17    4.163336E-17    2.081668E-17    5.551115E-17    1.040834E-16    1.110223E-16    1.249001E-16    8.326673E-17    8.326673E-17    2.775558E-17    0.000000E+00
    0.000000E+00    1.778092E-17    2.949030E-17    3.122502E-17    5.551115E-17    8.326673E-17    1.040834E-16    8.326673E-17    8.326673E-17    1.249001E-16    1.249001E-16    1.526557E-16    8.326673E-17    1.526557E-16    1.249001E-16    2.220446E-16    1.804112E-16    1.665335E-16    1.249001E-16    5.551115E-17    1.387779E-17    0.000000E+00
    0.000000E+00    2.168404E-17    4.857226E-17    6.245005E-17    9.020562E-17    1.179612E-16    1.387779E-16    1.595946E-16    1.665335E-16    1.665335E-16    1.942890E-16    1.665335E-16    1.804112E-16    1.942890E-16    3.191891E-16    3.608225E-16    3.053113E-16    3.608225E-16    2.498002E-16    2.220446E-16    8.326673E-17    0.000000E+00
    0.000000E+00    1.127570E-17    4.163336E-17    7.979728E-17    1.249001E-16    1.318390E-16    1.804112E-16    2.220446E-16    2.220446E-16    2.498002E-16    1.942890E-16    3.469447E-16    3.053113E-16    3.608225E-16    4.440892E-16    4.440892E-16    4.718448E-16    4.163336E-16    3.885781E-16    3.053113E-16    8.326673E-17    0.000000E+00
    0.000000E+00    4.336809E-18    5.898060E-17    1.110223E-16    1.387779E-16    1.873501E-16    2.636780E-16    2.914335E-16    3.191891E-16    2.636780E-16    3.608225E-16    3.053113E-16    4.163336E-16    4.996004E-16    4.163336E-16    5.273559E-16    3.608225E-16    4.163336E-16    2.775558E-16    1.110223E-16    5.551115E-17    0.000000E+00
    0.000000E+00    1.734723E-17    7.632783E-17    1.110223E-16    1.526557E-16    2.636780E-16    3.053113E-16    3.885781E-16    3.330669E-16    4.163336E-16    4.163336E-16    5.551115E-16    6.383782E-16    6.106227E-16    6.383782E-16    6.106227E-16    4.996004E-16    4.996004E-16    3.885781E-16    3.885781E-16    1.665335E-16    0.000000E+00
    0.000000E+00    1.214306E-17    1.006140E-16    1.595946E-16    2.359224E-16    2.914335E-16    3.747003E-16    3.747003E-16    4.996004E-16    4.996004E-16    6.661338E-16    6.938894E-16    7.771561E-16    7.771561E-16    4.996004E-16    6.661338E-16    6.661338E-16    6.661338E-16    4.996004E-16    4.440892E-16    1.665335E-16    0.000000E+00
    0.000000E+00    3.122502E-17    1.179612E-16    2.359224E-16    3.053113E-16    4.163336E-16    3.747003E-16    4.718448E-16    4.440892E-16    6.383782E-16    6.938894E-16    8.049117E-16    9.714451E-16    7.771561E-16    7.216450E-16    6.661338E-16    6.106227E-16    8.326673E-16    5.551115E-16    4.440892E-16    1.110223E-16    0.000000E+00
    0.000000E+00    2.081668E-17    1.595946E-16    2.567391E-16    3.747003E-16    4.024558E-16    5.273559E-16    4.718448E-16    5.273559E-16    6.383782E-16    7.216450E-16    9.992007E-16    9.436896E-16    7.771561E-16    8.326673E-16    6.661338E-16    8.881784E-16    9.992007E-16    6.106227E-16    4.440892E-16    1.110223E-16    0.000000E+00
    0.000000E+00    8.500145E-17    1.804112E-16    3.191891E-16    3.885781E-16    4.718448E-16    5.273559E-16    7.216450E-16    6.383782E-16    7.771561E-16    9.436896E-16    9.992007E-16    1.054712E-15    9.992007E-16    8.326673E-16    1.165734E-15    1.110223E-15    9.992007E-16    8.881784E-16    9.436896E-16    2.220446E-16    0.000000E+00
    0.000000E+00    3.989864E-17    1.873501E-16    2.359224E-16    4.024558E-16    4.996004E-16    6.661338E-16    8.049117E-16    8.326673E-16    9.714451E-16    8.881784E-16    9.992007E-16    1.054712E-15    8.881784E-16    9.992007E-16    1.054712E-15    9.992007E-16    1.221245E-15    1.332268E-15    9.992007E-16    4.440892E-16    0.000000E+00
    0.000000E+00    9.714451E-17    1.665335E-16    3.330669E-16    4.579670E-16    7.216450E-16    8.881784E-16    8.604228E-16    1.054712E-15    9.992007E-16    8.881784E-16    9.436896E-16    9.992007E-16    1.054712E-15    1.165734E-15    6.661338E-16    9.436896E-16    1.332268E-15    8.881784E-16    6.661338E-16    3.330669E-16    0.000000E+00
    0.000000E+00    3.469447E-17    1.804112E-16    3.053113E-16    5.273559E-16    6.938894E-16    8.049117E-16    9.436896E-16    8.881784E-16    1.054712E-15    1.054712E-15    9.992007E-16    1.221245E-15    1.221245E-15    1.110223E-15    1.054712E-15    1.110223E-15    1.110223E-15    5.551115E-16    4.440892E-16    1.110223E-16    0.000000E+00
    0.000000E+00    8.673617E-17    2.012279E-16    4.163336E-16    5.828671E-16    8.049117E-16    9.436896E-16    9.714451E-16    1.110223E-15    1.054712E-15    9.436896E-16    1.054712E-15    1.110223E-15    9.992007E-16    1.165734E-15    1.332268E-15    1.221245E-15    1.110223E-15    8.881784E-16    9.992007E-16    3.330669E-16    0.000000E+00
    0.000000E+00    4.510281E-17    2.151057E-16    3.469447E-16    4.996004E-16    6.106227E-16    6.383782E-16    9.436896E-16    1.110223E-15    9.992007E-16    1.110223E-15    1.165734E-15    1.165734E-15    1.110223E-15    1.443290E-15    1.221245E-15    1.110223E-15    1.554312E-15    1.554312E-15    1.332268E-15    3.330669E-16    0.000000E+00
    0.000000E+00    7.285839E-17    2.289835E-16    3.053113E-16    4.440892E-16    4.163336E-16    6.106227E-16    8.326673E-16    9.436896E-16    9.992007E-16    8.881784E-16    8.326673E-16    1.110223E-15    1.221245E-15    1.221245E-15    9.992007E-16    1.221245E-15    1.443290E-15    1.443290E-15    7.771561E-16    1.110223E-16    0.000000E+00
    0.000000E+00    7.285839E-17    1.942890E-16    2.081668E-16    2.498002E-16    3.608225E-16    3.608225E-16    4.440892E-16    6.106227E-16    7.771561E-16    4.996004E-16    7.216450E-16    8.881784E-16    7.771561E-16    6.661338E-16    9.992007E-16    1.554312E-15    1.221245E-15    8.881784E-16    5.551115E-16    1.110223E-16    0.000000E+00
    0.000000E+00    1.006140E-16    2.220446E-16    1.387779E-16    3.608225E-16    3.330669E-16    1.665335E-16    4.440892E-16    4.996004E-16    4.440892E-16    4.996004E-16    7.771561E-16    7.771561E-16    5.551115E-16    5.551115E-16    6.661338E-16    1.221245E-15    8.881784E-16    5.551115E-16    0.000000E+00    2.220446E-16    0.000000E+00
    0.000000E+00    5.204170E-17    6.938894E-17    1.110223E-16    2.775558E-16    1.387779E-16    5.551115E-17    1.665335E-16    1.110223E-16    5.551115E-17    2.220446E-16    2.220446E-16    1.110223E-16    1.110223E-16    3.330669E-16    4.440892E-16    4.440892E-16    4.440892E-16    2.220446E-16    3.330669E-16    1.110223E-16    0.000000E+00
    0.000000E+00    0.000000E+00    0.000000E+00    0.000000E+00    0.000000E+00    0.000000E+00    0.000000E+00    0.000000E+00    0.000000E+00    0.000000E+00    0.000000E+00    0.000000E+00    0.000000E+00    0.000000E+00    0.000000E+00    0.000000E+00    0.000000E+00    0.000000E+00    0.000000E+00    0.000000E+00    0.000000E+00    0.000000E+00
