      0.000000      0.000000      0.000000      0.000000      0.000000      0.000000      0.000000      0.000000      0.000000      0.000000      0.000000      0.000000      0.000000      0.000000      0.000000      0.000000      0.000000      0.000000      0.000000      0.000000      0.000000      0.000000      0.000000      0.000000      0.000000      0.000000      0.000000      0.000000      0.000000      0.000000      0.000000      0.000000      0.000000      0.000000      0.000000      0.000000      0.000000      0.000000      0.000000      0.000000      0.000000      0.000000
      0.000000      0.000000      0.000441      0.000746      0.001040      0.001326      0.001605      0.001880      0.002150      0.002415      0.002675      0.002929      0.003177      0.003418      0.003651      0.003875      0.004089      0.004292      0.004483      0.004659      0.004818      0.004959      0.005078      0.005173      0.005241      0.005277      0.005279      0.005243      0.005164      0.005039      0.004864      0.004635      0.004351      0.004011      0.003614      0.003164      0.002664      0.002124      0.001555      0.000978      0.000429      0.000000
      0.000000      0.000000      0.000508      0.000973      0.001417      0.001848      0.002271      0.002685      0.003093      0.003493      0.003886      0.004270      0.004645      0.005010      0.005364      0.005705      0.006032      0.006343      0.006636      0.006908      0.007157      0.007379      0.007570      0.007726      0.007843      0.007915      0.007937      0.007904      0.007809      0.007646      0.007410      0.007095      0.006697      0.006215      0.005647      0.004995      0.004266      0.003470      0.002621      0.001741      0.000858      0.000000
      0.000000      0.000000      0.000619      0.001221      0.001807      0.002382      0.002946      0.003500      0.004046      0.004582      0.005108      0.005623      0.006127      0.006618      0.007094      0.007554      0.007996      0.008417      0.008815      0.009186      0.009527      0.009833      0.010100      0.010321      0.010492      0.010604      0.010652      0.010626      0.010519      0.010323      0.010030      0.009631      0.009121      0.008496      0.007753      0.006895      0.005927      0.004860      0.003711      0.002502      0.001257      0.000000
      0.000000      0.000000      0.000747      0.001485      0.002212      0.002928      0.003633      0.004328      0.005012      0.005685      0.006347      0.006995      0.007629      0.008247      0.008848      0.009430      0.009989      0.010523      0.011029      0.011503      0.011940      0.012334      0.012681      0.012973      0.013203      0.013361      0.013440      0.013429      0.013317      0.013093      0.012747      0.012268      0.011648      0.010880      0.009960      0.008888      0.007670      0.006317      0.004848      0.003286      0.001660      0.000000
      0.000000      0.000000      0.000884      0.001762      0.002630      0.003489      0.004337      0.005173      0.005998      0.006810      0.007608      0.008391      0.009158      0.009906      0.010634      0.011340      0.012020      0.012671      0.013289      0.013869      0.014407      0.014895      0.015328      0.015696      0.015992      0.016204      0.016321      0.016331      0.016221      0.015977      0.015585      0.015032      0.014305      0.013394      0.012293      0.011000      0.009520      0.007865      0.006054      0.004116      0.002084      0.000000
      0.000000      0.000000      0.001028      0.002049      0.003063      0.004066      0.005059      0.006039      0.007007      0.007960      0.008898      0.009818      0.010721      0.011603      0.012462      0.013295      0.014099      0.014871      0.015605      0.016297      0.016941      0.017530      0.018055      0.018507      0.018876      0.019150      0.019314      0.019355      0.019256      0.019000      0.018570      0.017948      0.017118      0.016065      0.014781      0.013260      0.011505      0.009529      0.007352      0.005009      0.002541      0.000000
      0.000000      0.000000      0.001177      0.002348      0.003510      0.004662      0.005803      0.006931      0.008044      0.009142      0.010223      0.011285      0.012327      0.013346      0.014339      0.015304      0.016238      0.017135      0.017991      0.018801      0.019558      0.020253      0.020878      0.021422      0.021873      0.022217      0.022439      0.022520      0.022443      0.022185      0.021726      0.021043      0.020115      0.018924      0.017454      0.015697      0.013654      0.011336      0.008766      0.005983      0.003040      0.000000
      0.000000      0.000000      0.001332      0.002658      0.003974      0.005280      0.006573      0.007853      0.009116      0.010363      0.011591      0.012799      0.013985      0.015145      0.016278      0.017380      0.018448      0.019477      0.020461      0.021395      0.022271      0.023080      0.023813      0.024458      0.025001      0.025426      0.025716      0.025849      0.025805      0.025557      0.025080      0.024345      0.023327      0.022001      0.020344      0.018345      0.015998      0.013314      0.010319      0.007057      0.003591      0.000000
      0.000000      0.000000      0.001495      0.002982      0.004458      0.005923      0.007375      0.008811      0.010231      0.011631      0.013012      0.014371      0.015705      0.017013      0.018291      0.019536      0.020744      0.021910      0.023029      0.024094      0.025097      0.026029      0.026879      0.027634      0.028279      0.028797      0.029167      0.029366      0.029367      0.029142      0.028660      0.027886      0.026787      0.025330      0.023487      0.021238      0.018572      0.015497      0.012040      0.008251      0.004205      0.000000
      0.000000      0.000000      0.001665      0.003321      0.004965      0.006597      0.008213      0.009813      0.011394      0.012956      0.014495      0.016011      0.017501      0.018962      0.020391      0.021785      0.023140      0.024451      0.025712      0.026916      0.028055      0.029118      0.030095      0.030971      0.031730      0.032353      0.032816      0.033094      0.033156      0.032969      0.032496      0.031696      0.030527      0.028947      0.026920      0.024414      0.021414      0.017919      0.013959      0.009588      0.004895      0.000000
      0.000000      0.000000      0.001844      0.003678      0.005499      0.007305      0.009095      0.010866      0.012617      0.014346      0.016052      0.017732      0.019385      0.021006      0.022594      0.024145      0.025655      0.027118      0.028529      0.029881      0.031164      0.032369      0.033483      0.034491      0.035376      0.036117      0.036688      0.037060      0.037199      0.037067      0.036620      0.035810      0.034584      0.032892      0.030684      0.027918      0.024565      0.020621      0.016110      0.011094      0.005676      0.000000
      0.000000      0.000000      0.002035      0.004057      0.006064      0.008055      0.010027      0.011979      0.013909      0.015815      0.017696      0.019549      0.021372      0.023163      0.024918      0.026634      0.028307      0.029931      0.031501      0.033010      0.034448      0.035804      0.037067      0.038219      0.039243      0.040116      0.040810      0.041293      0.041527      0.041469      0.041066      0.040264      0.038999      0.037207      0.034825      0.031795      0.028075      0.023648      0.018534      0.012799      0.006563      0.000000
      0.000000      0.000000      0.002238      0.004461      0.006666      0.008853      0.011019      0.013163      0.015282      0.017376      0.019442      0.021477      0.023481      0.025451      0.027382      0.029273      0.031119      0.032914      0.034653      0.036328      0.037931      0.039451      0.040873      0.042183      0.043359      0.044379      0.045212      0.045824      0.046172      0.046207      0.045871      0.045098      0.043814      0.041938      0.039392      0.036097      0.031995      0.027052      0.021277      0.014740      0.007577      0.000000
      0.000000      0.000000      0.002456      0.004894      0.007312      0.009709      0.012082      0.014430      0.016752      0.019044      0.021307      0.023537      0.025733      0.027891      0.030010      0.032087      0.034115      0.036092      0.038011      0.039865      0.041644      0.043338      0.044933      0.046413      0.047757      0.048939      0.049928      0.050687      0.051170      0.051321      0.051075      0.050355      0.049074      0.047136      0.044439      0.040884      0.036387      0.030891      0.024393      0.016958      0.008743      0.000000
      0.000000      0.000000      0.002691      0.005362      0.008009      0.010632      0.013228      0.015795      0.018333      0.020839      0.023312      0.025749      0.028150      0.030511      0.032830      0.035103      0.037327      0.039497      0.041608      0.043651      0.045619      0.047501      0.049282      0.050946      0.052471      0.053832      0.054996      0.055922      0.056560      0.056851      0.056720      0.056081      0.054830      0.052854      0.050025      0.046218      0.041316      0.035234      0.027943      0.019503      0.010088      0.000000
      0.000000      0.000000      0.002947      0.005870      0.008766      0.011634      0.014471      0.017275      0.020046      0.022782      0.025481      0.028141      0.030761      0.033339      0.035871      0.038355      0.040788      0.043165      0.045480      0.047726      0.049896      0.051978      0.053959      0.055822      0.057545      0.059101      0.060458      0.061571      0.062388      0.062844      0.062856      0.062327      0.061138      0.059152      0.056217      0.052172      0.046860      0.040156      0.032000      0.022434      0.011647      0.000000
      0.000000      0.000000      0.003228      0.006427      0.009595      0.012729      0.015828      0.018891      0.021915      0.024899      0.027843      0.030743      0.033599      0.036410      0.039171      0.041882      0.044538      0.047136      0.049670      0.052134      0.054519      0.056817      0.059012      0.061088      0.063025      0.064795      0.066363      0.067685      0.068704      0.069351      0.069536      0.069149      0.068056      0.066097      0.063086      0.058823      0.053102      0.045747      0.036648      0.025819      0.013461      0.000000
      0.000000      0.000000      0.003538      0.007041      0.010508      0.013935      0.017321      0.020665      0.023966      0.027221      0.030430      0.033591      0.036703      0.039765      0.042774      0.045728      0.048625      0.051460      0.054229      0.056925      0.059542      0.062070      0.064495      0.066802      0.068969      0.070969      0.072768      0.074319      0.075565      0.076431      0.076820      0.076611      0.075652      0.073759      0.070711      0.066258      0.060138      0.052105      0.041984      0.029742      0.015580      0.000000
      0.000000      0.000000      0.003882      0.007723      0.011520      0.015271      0.018975      0.022629      0.026232      0.029784      0.033283      0.036729      0.040119      0.043454      0.046731      0.049949      0.053104      0.056195      0.059216      0.062162      0.065027      0.067801      0.070473      0.073026      0.075441      0.077690      0.079739      0.081542      0.083039      0.084151      0.084776      0.084782      0.084000      0.082218      0.079177      0.074574      0.068074      0.059345      0.048121      0.034300      0.018066      0.000000
      0.000000      0.000000      0.004268      0.008487      0.012652      0.016764      0.020819      0.024816      0.028754      0.032633      0.036451      0.040208      0.043903      0.047535      0.051103      0.054607      0.058043      0.061409      0.064702      0.067917      0.071048      0.074087      0.077022      0.079839      0.082519      0.085035      0.087354      0.089430      0.091202      0.092589      0.093483      0.093742      0.093181      0.091561      0.088581      0.083876      0.077026      0.067593      0.055190      0.039609      0.020991      0.000000
      0.000000      0.000000      0.004704      0.009347      0.013928      0.018443      0.022890      0.027270      0.031580      0.035820      0.039991      0.044091      0.048120      0.052078      0.055965      0.059779      0.063520      0.067185      0.070772      0.074276      0.077693      0.081015      0.084233      0.087332      0.090295      0.093097      0.095706      0.098076      0.100146      0.101835      0.103031      0.103583      0.103290      0.101886      0.099028      0.094280      0.087126      0.076995      0.063341      0.045806      0.024445      0.000000
      0.000000      0.000000      0.005200      0.010326      0.015375      0.020346      0.025235      0.030044      0.034770      0.039413      0.043975      0.048454      0.052853      0.057169      0.061405      0.065559      0.069632      0.073622      0.077526      0.081343      0.085068      0.088694      0.092213      0.095614      0.098879      0.101986      0.104903      0.107588      0.109980      0.111998      0.113527      0.114411      0.114434      0.113305      0.110634      0.105916      0.098518      0.087711      0.072747      0.053052      0.028536      0.000000
      0.000000      0.000000      0.005769      0.011448      0.017032      0.022520      0.027911      0.033203      0.038396      0.043492      0.048490      0.053392      0.058199      0.062912      0.067532      0.072059      0.076494      0.080837      0.085087      0.089241      0.093298      0.097250      0.101093      0.104815      0.108401      0.111832      0.115077      0.118096      0.120832      0.123204      0.125097      0.126350      0.126737      0.125943      0.123533      0.118924      0.111361      0.099921      0.083603      0.061535      0.033396      0.000000
      0.000000      0.000000      0.006429      0.012745      0.018945      0.025027      0.030988      0.036830      0.042552      0.048157      0.053645      0.059019      0.064282      0.069434      0.074478      0.079415      0.084248      0.088977      0.093602      0.098122      0.102536      0.106839      0.111028      0.115092      0.119020      0.122793      0.126384      0.129757      0.132857      0.135605      0.137889      0.139547      0.140344      0.139944      0.137872      0.133465      0.125830      0.113826      0.096131      0.071479      0.039185      0.000000
      0.000000      0.000000      0.007201      0.014261      0.021175      0.027941      0.034559      0.041029      0.047353      0.053534      0.059575      0.065479      0.071250      0.076891      0.082405      0.087796      0.093066      0.098216      0.103250      0.108167      0.112967      0.117647      0.122205      0.126634      0.130923      0.135057      0.139013      0.142757      0.146238      0.149383      0.152082      0.154176      0.155425      0.155478      0.153821      0.149715      0.142120      0.129646      0.110583      0.083138      0.046095      0.000000
      0.000000      0.000000      0.008114      0.016049      0.023798      0.031362      0.038739      0.045933      0.052946      0.059784      0.066451      0.072952      0.079293      0.085480      0.091517      0.097408      0.103159      0.108772      0.114251      0.119598      0.124814      0.129900      0.134852      0.139668      0.144339      0.148853      0.153189      0.157319      0.161198      0.164756      0.167890      0.170445      0.172183      0.172741      0.171576      0.167874      0.160446      0.147625      0.127235      0.096809      0.054356      0.000000
      0.000000      0.000000      0.009207      0.018182      0.026920      0.035419      0.043682      0.051713      0.059520      0.067109      0.074488      0.081665      0.088648      0.095445      0.102063      0.108509      0.114789      0.120909      0.126873      0.132687      0.138352      0.143872      0.149245      0.154471      0.159543      0.164454      0.169186      0.173716      0.178003      0.181986      0.185570      0.188605      0.190859      0.191969      0.191366      0.188172      0.181048      0.168030      0.146399      0.112830      0.064245      0.000000
      0.000000      0.000000      0.010533      0.020760      0.030676      0.040284      0.049587      0.058596      0.067321      0.075773      0.083965      0.091908      0.099615      0.107096      0.114361      0.121420      0.128283      0.134957      0.141450      0.147768      0.153916      0.159899      0.165719      0.171376      0.176869      0.182192      0.187332      0.192271      0.196974      0.201388      0.205427      0.208953      0.211744      0.213438      0.213458      0.210870      0.204195      0.191154      0.168413      0.131582      0.076087      0.000000
      0.000000      0.000000      0.012164      0.023917      0.035257      0.046189      0.056724      0.066879      0.076672      0.086120      0.095242      0.104056      0.112578      0.120824      0.128810      0.136547      0.144049      0.151328      0.158392      0.165253      0.171917      0.178391      0.184681      0.190790      0.196719      0.202465      0.208022      0.213374      0.218494      0.223339      0.227832      0.231849      0.235181      0.237481      0.238168      0.236273      0.230189      0.217321      0.193649      0.153492      0.090267      0.000000
      0.000000      0.000000      0.014205      0.027846      0.040924      0.053454      0.065459      0.076966      0.088005      0.098604      0.108792      0.118594      0.128034      0.137135      0.145918      0.154401      0.162600      0.170533      0.178212      0.185650      0.192860      0.199850      0.206629      0.213204      0.219578      0.225754      0.231728      0.237491      0.243023      0.248288      0.253222      0.257716      0.261581      0.264488      0.265869      0.264735      0.259375      0.246886      0.222509      0.179030      0.107226      0.000000
      0.000000      0.000000      0.016809      0.032822      0.048050      0.062526      0.076295      0.089404      0.101901      0.113832      0.125238      0.136159      0.146628      0.156678      0.166337      0.175632      0.184584      0.193216      0.201546      0.209591      0.217368      0.224890      0.232169      0.239214      0.246035      0.252635      0.259018      0.265178      0.271103      0.276765      0.282115      0.287059      0.291428      0.294923      0.296999      0.296667      0.292145      0.280241      0.255424      0.208706      0.127472      0.000000
      0.000000      0.000000      0.020210      0.039256      0.057177      0.074045      0.089942      0.104953      0.119157      0.132623      0.145417      0.157594      0.169206      0.180296      0.190905      0.201069      0.210819      0.220183      0.229188      0.237855      0.246207      0.254261      0.262034      0.269539      0.276790      0.283795      0.290561      0.297088      0.303372      0.309394      0.315116      0.320461      0.325287      0.329325      0.332065      0.332545      0.328940      0.317815      0.292855      0.243065      0.151569      0.000000
      0.000000      0.000000      0.024775      0.047778      0.069116      0.088944      0.107419      0.124687      0.140876      0.156100      0.170454      0.184023      0.196879      0.209087      0.220701      0.231771      0.242340      0.252446      0.262123      0.271402      0.280310      0.288870      0.297106      0.305036      0.312676      0.320041      0.327142      0.333985      0.340571      0.346891      0.352918      0.358594      0.363801      0.368306      0.371647      0.372907      0.370259      0.360076      0.335283      0.282678      0.180141      0.000000
      0.000000      0.000000      0.031114      0.059388      0.085115      0.108622      0.130211      0.150135      0.168608      0.185807      0.201878      0.216946      0.231116      0.244479      0.257112      0.269082      0.280448      0.291260      0.301564      0.311400      0.320803      0.329804      0.338432      0.346712      0.354664      0.362309      0.369662      0.376735      0.383535      0.390061      0.396298      0.402203      0.407686      0.412549      0.416387      0.418347      0.416643      0.407523      0.383207      0.328125      0.213857      0.000000
      0.000000      0.000000      0.040290      0.075747      0.107152      0.135222      0.160529      0.183522      0.204549      0.223890      0.241769      0.258371      0.273846      0.288322      0.301907      0.314692      0.326754      0.338163      0.348976      0.359246      0.369018      0.378331      0.387221      0.395719      0.403853      0.411647      0.419121      0.426294      0.433178      0.439778      0.446090      0.452087      0.457701      0.462776      0.466962      0.469492      0.468659      0.460667      0.437121      0.379991      0.253425      0.000000
      0.000000      0.000000      0.054301      0.099728      0.138471      0.172103      0.201719      0.228100      0.251823      0.273326      0.292947      0.310956      0.327571      0.342968      0.357294      0.370672      0.383205      0.394980      0.406074      0.416551      0.426468      0.435873      0.444811      0.453318      0.461429      0.469173      0.476575      0.483658      0.490439      0.496931      0.503137      0.509043      0.514603      0.519696      0.524037      0.526953      0.526858      0.520000      0.497505      0.438859      0.299620      0.000000
      0.000000      0.000000      0.077186      0.136561      0.184559      0.224642      0.258885      0.288641      0.314847      0.338179      0.359144      0.378126      0.395429      0.411294      0.425914      0.439447      0.452027      0.463761      0.474743      0.485052      0.494755      0.503911      0.512569      0.520774      0.528564      0.535973      0.543031      0.549763      0.556190      0.562330      0.568192      0.573773      0.579046      0.583922      0.588176      0.591243      0.591698      0.585934      0.564796      0.505379      0.353428      0.000000
      0.000000      0.000000      0.117881      0.196228      0.254949      0.301516      0.339769      0.371991      0.399654      0.423767      0.445046      0.464019      0.481084      0.496548      0.510651      0.523588      0.535513      0.546554      0.556819      0.566395      0.575357      0.583770      0.591688      0.599158      0.606222      0.612916      0.619269      0.625310      0.631062      0.636544      0.641769      0.646742      0.651448      0.655828      0.659715      0.662655      0.663429      0.658718      0.639401      0.580537      0.416733      0.000000
      0.000000      0.000000      0.198112      0.298609      0.366302      0.416384      0.455521      0.487268      0.513738      0.536279      0.555798      0.572930      0.588135      0.601759      0.614064      0.625254      0.635492      0.644908      0.653608      0.661680      0.669199      0.676224      0.682810      0.689000      0.694832      0.700341      0.705556      0.710500      0.715196      0.719663      0.723913      0.727956      0.731784      0.735362      0.738573      0.741082      0.741927      0.738294      0.721744      0.666538      0.495231      0.000000
      0.000000      0.000000      0.375958      0.483567      0.545799      0.588061      0.619401      0.643976      0.663997      0.680765      0.695105      0.707570      0.718549      0.728323      0.737103      0.745052      0.752296      0.758935      0.765051      0.770711      0.775970      0.780873      0.785461      0.789764      0.793813      0.797632      0.801241      0.804659      0.807902      0.810984      0.813914      0.816699      0.819337      0.821807      0.824036      0.825805      0.826468      0.824050      0.812197      0.769026      0.612199      0.000000
      1.000000      1.000000      1.000000      1.000000      1.000000      1.000000      1.000000      1.000000      1.000000      1.000000      1.000000      1.000000      1.000000      1.000000      1.000000      1.000000      1.000000      1.000000      1.000000      1.000000      1.000000      1.000000      1.000000      1.000000      1.000000      1.000000      1.000000      1.000000      1.000000      1.000000      1.000000      1.000000      1.000000      1.000000      1.000000      1.000000      1.000000      1.000000      1.000000      1.000000      1.000000      1.000000
