      1.414214      0.000000
      1.396536     -0.000000
      1.361181      0.000000
      1.325825     -0.000000
      1.290470      0.000000
      1.255115     -0.000000
      1.219759      0.000000
      1.184404     -0.000000
      1.149049      0.000000
      1.113693     -0.000000
      1.078338      0.000000
      1.042983     -0.000000
      1.007627      0.000000
      0.972272     -0.000000
      0.936916      0.000000
      0.901561     -0.000000
      0.866206      0.000000
      0.830850     -0.000000
      0.795495      0.000000
      0.760140     -0.000000
      0.724784      0.000000
      0.689429    100.000000
      0.654074    100.000000
      0.618718    100.000000
      0.583363    100.000000
      0.548008    100.000000
      0.512652    100.000000
      0.477297    100.000000
      0.441942    100.000000
      0.406586    100.000000
      0.371231    100.000000
      0.335876    100.000000
      0.300520    100.000000
      0.265165    100.000000
      0.229810    100.000000
      0.194454    100.000000
      0.159099    100.000000
      0.123744    100.000000
      0.088388    100.000000
      0.053033    100.000000
      0.017678    100.000000
      0.000000    100.000000
